0.970601 0.503934 0.0333333
0.941202 0.507869 0.0666667
0.870601 0.453934 0.133333
0.841202 0.457869 0.166667
0.770601 0.403934 0.233333
0.741202 0.407869 0.266667
0.670601 0.353934 0.333333
0.641202 0.357869 0.366667
0.570601 0.303934 0.433333
0.541202 0.307869 0.466667
0.470601 0.253934 0.533333
0.441202 0.257869 0.566667
0.370601 0.203934 0.633333
0.341202 0.207869 0.666667
0.270601 0.153934 0.733333
0.241202 0.157869 0.766667
0.170601 0.103934 0.833333
0.141202 0.107869 0.866667
0.0706011 0.0539345 0.933333
0.982405 0.565738 0.0333333
0.953006 0.569672 0.0666667
0.882405 0.515738 0.133333
0.853006 0.519672 0.166667
0.782405 0.465738 0.233333
0.753006 0.469672 0.266667
0.682405 0.415738 0.333333
0.653006 0.419672 0.366667
0.582405 0.365738 0.433333
0.553006 0.369672 0.466667
0.482405 0.315738 0.533333
0.453006 0.319672 0.566667
0.382405 0.265738 0.633333
0.353006 0.269672 0.666667
0.282405 0.215738 0.733333
0.253006 0.219672 0.766667
0.182405 0.165738 0.833333
0.994208 0.627541 0.0333333
0.964809 0.631476 0.0666667
0.894208 0.577541 0.133333
0.864809 0.581476 0.166667
0.794208 0.527541 0.233333
0.764809 0.531476 0.266667
0.694208 0.477541 0.333333
0.664809 0.481476 0.366667
0.594208 0.427541 0.433333
0.564809 0.431476 0.466667
0.494208 0.377541 0.533333
0.464809 0.381476 0.566667
0.394208 0.327541 0.633333
0.364809 0.331476 0.666667
0.294208 0.277541 0.733333
1 0.689345 0.0333333
0.976612 0.693279 0.0666667
0.906011 0.639345 0.133333
0.876612 0.643279 0.166667
0.806011 0.589345 0.233333
0.776612 0.593279 0.266667
0.706011 0.539345 0.333333
0.676612 0.543279 0.366667
0.606011 0.489345 0.433333
0.576612 0.493279 0.466667
0.506011 0.439345 0.533333
0.476612 0.443279 0.566667
0.406011 0.389345 0.633333
1 0.751148 0.0333333
0.988416 0.755083 0.0666667
0.917815 0.701148 0.133333
0.888416 0.705083 0.166667
0.817815 0.651148 0.233333
0.788416 0.655083 0.266667
0.717815 0.601148 0.333333
0.688416 0.605083 0.366667
0.617815 0.551148 0.433333
0.588416 0.555083 0.466667
0.517815 0.501148 0.533333
1 0.812951 0.0333333
1 0.816886 0.0666667
0.929618 0.762951 0.133333
0.900219 0.766886 0.166667
0.829618 0.712951 0.233333
0.800219 0.716886 0.266667
0.729618 0.662951 0.333333
0.700219 0.666886 0.366667
0.629618 0.612951 0.433333
1 0.874755 0.0333333
1 0.878689 0.0666667
0.941422 0.824755 0.133333
0.912023 0.828689 0.166667
0.841422 0.774755 0.233333
0.812023 0.778689 0.266667
0.741422 0.724755 0.333333
1 0.936558 0.0333333
1 0.940493 0.0666667
0.953225 0.886558 0.133333
0.923826 0.890493 0.166667
0.853225 0.836558 0.233333
1 0.998362 0.0333333
1 1 0.0666667
0.965028 0.948362 0.133333
1 1 0.0333333
