0.459047
0.555964
0.672962
0.805303
0.925855
0.978121
0.976497
0.976902
0.986723
0.992931
0.995214
0.996313
0.997076
0.99842
0.999035
0.999229
0.999185
0.999641
0.999757
0.999439
0.999278
0.999573
0.99976
0.999861
0.99991
0.999964
0.99991
0.999861
0.99976
0.999573
0.999278
0.999439
0.999757
0.999641
0.999185
0.999229
0.999035
0.99842
0.997076
0.994071
0.986635
0.966437
0.91232
0.805303
0.710578
0.719449
0.795833
0.86865
0.91601
0.943453
0.958959
0.967464
0.971428
0.971704
0.967751
0.956861
0.930857
0.923134
0.94499
0.955253
0.958012
0.953264
0.935621
0.884335
0.722214
0.281499
0.627164
0.822846
0.887078
0.906427
0.904189
0.905654
0.958135
0.977695
0.986085
0.98995
0.991639
0.992069
0.991589
0.990273
0.988045
0.984782
0.980633
0.976902
0.976497
0.978121
0.976497
0.976902
0.986723
0.992931
0.995214
0.996313
0.997076
0.99842
0.999035
0.999229
0.999185
0.999641
0.999757
0.999439
0.999278
0.999573
0.99976
0.999861
0.99991
0.999964
0.99991
0.999861
0.99976
0.999573
0.999278
0.999439
0.999757
0.999641
0.999185
0.999229
0.999035
0.99842
0.997076
0.996313
0.995214
0.992931
0.986723
0.976902
0.976497
0.978121
0.976497
0.976902
0.986723
0.992931
0.995214
0.996313
0.997076
0.99842
0.999035
0.999229
0.999185
0.999641
0.999757
0.999439
0.999278
0.999573
0.99976
0.999861
0.99991
0.999964
0.99991
0.999861
0.99976
0.999573
0.999278
0.999439
0.999757
0.999641
0.999185
0.999229
0.999035
0.99842
0.997076
0.996313
0.995214
0.992931
0.986723
0.976902
0.976497
0.978121
0.976497
0.976902
0.986723
0.992931
0.995214
0.996313
0.997076
0.99842
0.999035
0.999229
0.999185
0.999641
0.999757
0.999439
0.999278
0.999573
0.99976
0.999861
0.99991
0.999964
0.99991
0.999861
0.99976
0.999573
0.999278

0.978121
0.976497
0.986723
0.992931
0.995214
0.997076
0.99842
0.999035
0.999229
0.999641
0.999757
0.999439
0.999573
0.99976
0.999861
0.99991
0.999964
0.99991
0.999861
0.99976
0.999573
0.999439
0.999757
0.999641
0.999229
0.999035
0.99842
0.997076
0.994071
0.986635
0.966437
0.91232
0.805303
0.710578
0.719449
0.795833
0.86865
0.91601
0.943453
0.958959
0.967464
0.971428
0.971704
0.967751
0.956861
0.930857
0.86378
0.667694
0.172976
0.483144
0.703507
0.769249
0.767474
0.716666
0.606894
0.627164
0.822846
0.887078
0.906427
0.904189
0.883092
0.833625
0.728608
0.514809
0.255788
0.589629
0.784946
0.87861
0.923134
0.94499
0.955253
0.958012
0.953264
0.935621
0.884335
0.722214
0.509417
0.59628
0.578734
0.386445
0.303
0.742189
0.905654
0.958135
0.977695
0.986085
0.98995
0.991639
0.992069
0.991589
0.990273
0.988045
0.984782
0.980633
0.976902
0.976497
0.978121
0.976497
0.986723
0.992931
0.995214
0.997076
0.99842
0.999035
0.999229
0.999641
0.999757
0.999439
0.999573
0.99976
0.999861
0.99991
0.999964
0.99991
0.999861
0.99976
0.999573
0.999439
0.999757
0.999641
0.999229
0.999035
0.99842
0.997076
0.995214
0.992931
0.986723
0.976497
0.978121
0.976497
0.986723
0.992931
0.995214
0.997076
0.99842
0.999035
0.999229
0.999641
0.999757
0.999439
0.999573
0.99976
0.999861
0.99991
0.999964
0.99991
0.999861
0.99976
0.999573
0.999439
0.999757
0.999641
0.999229
0.999035
0.99842
0.997076
0.995214
0.992931
0.986723
0.976497
0.978121
0.976497
0.986723
0.992931
0.995214
0.997076
0.99842
0.999035
0.999229
0.999641
0.999757
0.999439
0.999573
0.99976
0.999861
0.99991
0.999964
0.99991
0.999861
0.99976
0.999573
0.999278
0.994342
0.985777
0.973929
0.958012
0.936062
0.904189
0.85468
0.771602
0.621997

